# Exact Riemann solution for problem: 3
# Discretization: zonal
# Domain bounds: [0.00000e+00,5.00000e+00]
# Iterface position: 2.50000e+00
# Gamma: 1.40000e+00
# Left  state [dens,velx,pres]: [1.00000e+00, 0.00000e+00, 1.00000e+03]
# Right state [dens,velx,pres]: [1.00000e+00, 0.00000e+00, 1.00000e-02]
# Time: 4.00000e-02
                x              dens              pres              velx              eint              cspd
  5.000000000e-03   1.000000000e+00   1.000000000e+03   0.000000000e+00   2.500000000e+03   3.741657387e+01
  1.500000000e-02   1.000000000e+00   1.000000000e+03   0.000000000e+00   2.500000000e+03   3.741657387e+01
  2.500000000e-02   1.000000000e+00   1.000000000e+03   0.000000000e+00   2.500000000e+03   3.741657387e+01
  3.500000000e-02   1.000000000e+00   1.000000000e+03   0.000000000e+00   2.500000000e+03   3.741657387e+01
  4.500000000e-02   1.000000000e+00   1.000000000e+03   0.000000000e+00   2.500000000e+03   3.741657387e+01
  5.500000000e-02   1.000000000e+00   1.000000000e+03   0.000000000e+00   2.500000000e+03   3.741657387e+01
  6.500000000e-02   1.000000000e+00   1.000000000e+03   0.000000000e+00   2.500000000e+03   3.741657387e+01
  7.500000000e-02   1.000000000e+00   1.000000000e+03   0.000000000e+00   2.500000000e+03   3.741657387e+01
  8.500000000e-02   1.000000000e+00   1.000000000e+03   0.000000000e+00   2.500000000e+03   3.741657387e+01
  9.500000000e-02   1.000000000e+00   1.000000000e+03   0.000000000e+00   2.500000000e+03   3.741657387e+01
  1.050000000e-01   1.000000000e+00   1.000000000e+03   0.000000000e+00   2.500000000e+03   3.741657387e+01
  1.150000000e-01   1.000000000e+00   1.000000000e+03   0.000000000e+00   2.500000000e+03   3.741657387e+01
  1.250000000e-01   1.000000000e+00   1.000000000e+03   0.000000000e+00   2.500000000e+03   3.741657387e+01
  1.350000000e-01   1.000000000e+00   1.000000000e+03   0.000000000e+00   2.500000000e+03   3.741657387e+01
  1.450000000e-01   1.000000000e+00   1.000000000e+03   0.000000000e+00   2.500000000e+03   3.741657387e+01
  1.550000000e-01   1.000000000e+00   1.000000000e+03   0.000000000e+00   2.500000000e+03   3.741657387e+01
  1.650000000e-01   1.000000000e+00   1.000000000e+03   0.000000000e+00   2.500000000e+03   3.741657387e+01
  1.750000000e-01   1.000000000e+00   1.000000000e+03   0.000000000e+00   2.500000000e+03   3.741657387e+01
  1.850000000e-01   1.000000000e+00   1.000000000e+03   0.000000000e+00   2.500000000e+03   3.741657387e+01
  1.950000000e-01   1.000000000e+00   1.000000000e+03   0.000000000e+00   2.500000000e+03   3.741657387e+01
  2.050000000e-01   1.000000000e+00   1.000000000e+03   0.000000000e+00   2.500000000e+03   3.741657387e+01
  2.150000000e-01   1.000000000e+00   1.000000000e+03   0.000000000e+00   2.500000000e+03   3.741657387e+01
  2.250000000e-01   1.000000000e+00   1.000000000e+03   0.000000000e+00   2.500000000e+03   3.741657387e+01
  2.350000000e-01   1.000000000e+00   1.000000000e+03   0.000000000e+00   2.500000000e+03   3.741657387e+01
  2.450000000e-01   1.000000000e+00   1.000000000e+03   0.000000000e+00   2.500000000e+03   3.741657387e+01
  2.550000000e-01   1.000000000e+00   1.000000000e+03   0.000000000e+00   2.500000000e+03   3.741657387e+01
  2.650000000e-01   1.000000000e+00   1.000000000e+03   0.000000000e+00   2.500000000e+03   3.741657387e+01
  2.750000000e-01   1.000000000e+00   1.000000000e+03   0.000000000e+00   2.500000000e+03   3.741657387e+01
  2.850000000e-01   1.000000000e+00   1.000000000e+03   0.000000000e+00   2.500000000e+03   3.741657387e+01
  2.950000000e-01   1.000000000e+00   1.000000000e+03   0.000000000e+00   2.500000000e+03   3.741657387e+01
  3.050000000e-01   1.000000000e+00   1.000000000e+03   0.000000000e+00   2.500000000e+03   3.741657387e+01
  3.150000000e-01   1.000000000e+00   1.000000000e+03   0.000000000e+00   2.500000000e+03   3.741657387e+01
  3.250000000e-01   1.000000000e+00   1.000000000e+03   0.000000000e+00   2.500000000e+03   3.741657387e+01
  3.350000000e-01   1.000000000e+00   1.000000000e+03   0.000000000e+00   2.500000000e+03   3.741657387e+01
  3.450000000e-01   1.000000000e+00   1.000000000e+03   0.000000000e+00   2.500000000e+03   3.741657387e+01
  3.550000000e-01   1.000000000e+00   1.000000000e+03   0.000000000e+00   2.500000000e+03   3.741657387e+01
  3.650000000e-01   1.000000000e+00   1.000000000e+03   0.000000000e+00   2.500000000e+03   3.741657387e+01
  3.750000000e-01   1.000000000e+00   1.000000000e+03   0.000000000e+00   2.500000000e+03   3.741657387e+01
  3.850000000e-01   1.000000000e+00   1.000000000e+03   0.000000000e+00   2.500000000e+03   3.741657387e+01
  3.950000000e-01   1.000000000e+00   1.000000000e+03   0.000000000e+00   2.500000000e+03   3.741657387e+01
  4.050000000e-01   1.000000000e+00   1.000000000e+03   0.000000000e+00   2.500000000e+03   3.741657387e+01
  4.150000000e-01   1.000000000e+00   1.000000000e+03   0.000000000e+00   2.500000000e+03   3.741657387e+01
  4.250000000e-01   1.000000000e+00   1.000000000e+03   0.000000000e+00   2.500000000e+03   3.741657387e+01
  4.350000000e-01   1.000000000e+00   1.000000000e+03   0.000000000e+00   2.500000000e+03   3.741657387e+01
  4.450000000e-01   1.000000000e+00   1.000000000e+03   0.000000000e+00   2.500000000e+03   3.741657387e+01
  4.550000000e-01   1.000000000e+00   1.000000000e+03   0.000000000e+00   2.500000000e+03   3.741657387e+01
  4.650000000e-01   1.000000000e+00   1.000000000e+03   0.000000000e+00   2.500000000e+03   3.741657387e+01
  4.750000000e-01   1.000000000e+00   1.000000000e+03   0.000000000e+00   2.500000000e+03   3.741657387e+01
  4.850000000e-01   1.000000000e+00   1.000000000e+03   0.000000000e+00   2.500000000e+03   3.741657387e+01
  4.950000000e-01   1.000000000e+00   1.000000000e+03   0.000000000e+00   2.500000000e+03   3.741657387e+01
  5.050000000e-01   1.000000000e+00   1.000000000e+03   0.000000000e+00   2.500000000e+03   3.741657387e+01
  5.150000000e-01   1.000000000e+00   1.000000000e+03   0.000000000e+00   2.500000000e+03   3.741657387e+01
  5.250000000e-01   1.000000000e+00   1.000000000e+03   0.000000000e+00   2.500000000e+03   3.741657387e+01
  5.350000000e-01   1.000000000e+00   1.000000000e+03   0.000000000e+00   2.500000000e+03   3.741657387e+01
  5.450000000e-01   1.000000000e+00   1.000000000e+03   0.000000000e+00   2.500000000e+03   3.741657387e+01
  5.550000000e-01   1.000000000e+00   1.000000000e+03   0.000000000e+00   2.500000000e+03   3.741657387e+01
  5.650000000e-01   1.000000000e+00   1.000000000e+03   0.000000000e+00   2.500000000e+03   3.741657387e+01
  5.750000000e-01   1.000000000e+00   1.000000000e+03   0.000000000e+00   2.500000000e+03   3.741657387e+01
  5.850000000e-01   1.000000000e+00   1.000000000e+03   0.000000000e+00   2.500000000e+03   3.741657387e+01
  5.950000000e-01   1.000000000e+00   1.000000000e+03   0.000000000e+00   2.500000000e+03   3.741657387e+01
  6.050000000e-01   1.000000000e+00   1.000000000e+03   0.000000000e+00   2.500000000e+03   3.741657387e+01
  6.150000000e-01   1.000000000e+00   1.000000000e+03   0.000000000e+00   2.500000000e+03   3.741657387e+01
  6.250000000e-01   1.000000000e+00   1.000000000e+03   0.000000000e+00   2.500000000e+03   3.741657387e+01
  6.350000000e-01   1.000000000e+00   1.000000000e+03   0.000000000e+00   2.500000000e+03   3.741657387e+01
  6.450000000e-01   1.000000000e+00   1.000000000e+03   0.000000000e+00   2.500000000e+03   3.741657387e+01
  6.550000000e-01   1.000000000e+00   1.000000000e+03   0.000000000e+00   2.500000000e+03   3.741657387e+01
  6.650000000e-01   1.000000000e+00   1.000000000e+03   0.000000000e+00   2.500000000e+03   3.741657387e+01
  6.750000000e-01   1.000000000e+00   1.000000000e+03   0.000000000e+00   2.500000000e+03   3.741657387e+01
  6.850000000e-01   1.000000000e+00   1.000000000e+03   0.000000000e+00   2.500000000e+03   3.741657387e+01
  6.950000000e-01   1.000000000e+00   1.000000000e+03   0.000000000e+00   2.500000000e+03   3.741657387e+01
  7.050000000e-01   1.000000000e+00   1.000000000e+03   0.000000000e+00   2.500000000e+03   3.741657387e+01
  7.150000000e-01   1.000000000e+00   1.000000000e+03   0.000000000e+00   2.500000000e+03   3.741657387e+01
  7.250000000e-01   1.000000000e+00   1.000000000e+03   0.000000000e+00   2.500000000e+03   3.741657387e+01
  7.350000000e-01   1.000000000e+00   1.000000000e+03   0.000000000e+00   2.500000000e+03   3.741657387e+01
  7.450000000e-01   1.000000000e+00   1.000000000e+03   0.000000000e+00   2.500000000e+03   3.741657387e+01
  7.550000000e-01   1.000000000e+00   1.000000000e+03   0.000000000e+00   2.500000000e+03   3.741657387e+01
  7.650000000e-01   1.000000000e+00   1.000000000e+03   0.000000000e+00   2.500000000e+03   3.741657387e+01
  7.750000000e-01   1.000000000e+00   1.000000000e+03   0.000000000e+00   2.500000000e+03   3.741657387e+01
  7.850000000e-01   1.000000000e+00   1.000000000e+03   0.000000000e+00   2.500000000e+03   3.741657387e+01
  7.950000000e-01   1.000000000e+00   1.000000000e+03   0.000000000e+00   2.500000000e+03   3.741657387e+01
  8.050000000e-01   1.000000000e+00   1.000000000e+03   0.000000000e+00   2.500000000e+03   3.741657387e+01
  8.150000000e-01   1.000000000e+00   1.000000000e+03   0.000000000e+00   2.500000000e+03   3.741657387e+01
  8.250000000e-01   1.000000000e+00   1.000000000e+03   0.000000000e+00   2.500000000e+03   3.741657387e+01
  8.350000000e-01   1.000000000e+00   1.000000000e+03   0.000000000e+00   2.500000000e+03   3.741657387e+01
  8.450000000e-01   1.000000000e+00   1.000000000e+03   0.000000000e+00   2.500000000e+03   3.741657387e+01
  8.550000000e-01   1.000000000e+00   1.000000000e+03   0.000000000e+00   2.500000000e+03   3.741657387e+01
  8.650000000e-01   1.000000000e+00   1.000000000e+03   0.000000000e+00   2.500000000e+03   3.741657387e+01
  8.750000000e-01   1.000000000e+00   1.000000000e+03   0.000000000e+00   2.500000000e+03   3.741657387e+01
  8.850000000e-01   1.000000000e+00   1.000000000e+03   0.000000000e+00   2.500000000e+03   3.741657387e+01
  8.950000000e-01   1.000000000e+00   1.000000000e+03   0.000000000e+00   2.500000000e+03   3.741657387e+01
  9.050000000e-01   1.000000000e+00   1.000000000e+03   0.000000000e+00   2.500000000e+03   3.741657387e+01
  9.150000000e-01   1.000000000e+00   1.000000000e+03   0.000000000e+00   2.500000000e+03   3.741657387e+01
  9.250000000e-01   1.000000000e+00   1.000000000e+03   0.000000000e+00   2.500000000e+03   3.741657387e+01
  9.350000000e-01   1.000000000e+00   1.000000000e+03   0.000000000e+00   2.500000000e+03   3.741657387e+01
  9.450000000e-01   1.000000000e+00   1.000000000e+03   0.000000000e+00   2.500000000e+03   3.741657387e+01
  9.550000000e-01   1.000000000e+00   1.000000000e+03   0.000000000e+00   2.500000000e+03   3.741657387e+01
  9.650000000e-01   1.000000000e+00   1.000000000e+03   0.000000000e+00   2.500000000e+03   3.741657387e+01
  9.750000000e-01   1.000000000e+00   1.000000000e+03   0.000000000e+00   2.500000000e+03   3.741657387e+01
  9.850000000e-01   1.000000000e+00   1.000000000e+03   0.000000000e+00   2.500000000e+03   3.741657387e+01
  9.950000000e-01   1.000000000e+00   1.000000000e+03   0.000000000e+00   2.500000000e+03   3.741657387e+01
  1.005000000e+00   9.990744192e-01   9.987044269e+02   3.464488978e-02   2.499074162e+03   3.740964489e+01
  1.015000000e+00   9.935229801e-01   9.909439338e+02   2.429782231e-01   2.493510351e+03   3.736797822e+01
  1.025000000e+00   9.879962460e-01   9.832351869e+02   4.513115564e-01   2.487952740e+03   3.732631156e+01
  1.035000000e+00   9.824941344e-01   9.755778982e+02   6.596448898e-01   2.482401330e+03   3.728464489e+01
  1.045000000e+00   9.770165631e-01   9.679717812e+02   8.679782231e-01   2.476856120e+03   3.724297822e+01
  1.055000000e+00   9.715634497e-01   9.604165506e+02   1.076311556e+00   2.471317110e+03   3.720131156e+01
  1.065000000e+00   9.661347123e-01   9.529119224e+02   1.284644890e+00   2.465784301e+03   3.715964489e+01
  1.075000000e+00   9.607302691e-01   9.454576137e+02   1.492978223e+00   2.460257692e+03   3.711797822e+01
  1.085000000e+00   9.553500385e-01   9.380533432e+02   1.701311556e+00   2.454737283e+03   3.707631156e+01
  1.095000000e+00   9.499939390e-01   9.306988307e+02   1.909644890e+00   2.449223075e+03   3.703464489e+01
  1.105000000e+00   9.446618893e-01   9.233937970e+02   2.117978223e+00   2.443715068e+03   3.699297822e+01
  1.115000000e+00   9.393538084e-01   9.161379647e+02   2.326311556e+00   2.438213260e+03   3.695131156e+01
  1.125000000e+00   9.340696153e-01   9.089310571e+02   2.534644890e+00   2.432717653e+03   3.690964489e+01
  1.135000000e+00   9.288092294e-01   9.017727991e+02   2.742978223e+00   2.427228247e+03   3.686797822e+01
  1.145000000e+00   9.235725701e-01   8.946629166e+02   2.951311556e+00   2.421745041e+03   3.682631156e+01
  1.155000000e+00   9.183595571e-01   8.876011370e+02   3.159644890e+00   2.416268035e+03   3.678464489e+01
  1.165000000e+00   9.131701101e-01   8.805871887e+02   3.367978223e+00   2.410797230e+03   3.674297822e+01
  1.175000000e+00   9.080041492e-01   8.736208015e+02   3.576311556e+00   2.405332625e+03   3.670131156e+01
  1.185000000e+00   9.028615947e-01   8.667017063e+02   3.784644890e+00   2.399874220e+03   3.665964489e+01
  1.195000000e+00   8.977423667e-01   8.598296352e+02   3.992978223e+00   2.394422016e+03   3.661797822e+01
  1.205000000e+00   8.926463860e-01   8.530043216e+02   4.201311556e+00   2.388976013e+03   3.657631156e+01
  1.215000000e+00   8.875735732e-01   8.462255001e+02   4.409644890e+00   2.383536209e+03   3.653464489e+01
  1.225000000e+00   8.825238493e-01   8.394929065e+02   4.617978223e+00   2.378102606e+03   3.649297822e+01
  1.235000000e+00   8.774971353e-01   8.328062778e+02   4.826311556e+00   2.372675204e+03   3.645131156e+01
  1.245000000e+00   8.724933526e-01   8.261653521e+02   5.034644890e+00   2.367254002e+03   3.640964489e+01
  1.255000000e+00   8.675124225e-01   8.195698690e+02   5.242978223e+00   2.361839000e+03   3.636797822e+01
  1.265000000e+00   8.625542667e-01   8.130195688e+02   5.451311556e+00   2.356430199e+03   3.632631156e+01
  1.275000000e+00   8.576188070e-01   8.065141935e+02   5.659644890e+00   2.351027598e+03   3.628464489e+01
  1.285000000e+00   8.527059655e-01   8.000534859e+02   5.867978223e+00   2.345631197e+03   3.624297822e+01
  1.295000000e+00   8.478156642e-01   7.936371902e+02   6.076311556e+00   2.340240997e+03   3.620131156e+01
  1.305000000e+00   8.429478256e-01   7.872650516e+02   6.284644890e+00   2.334856997e+03   3.615964489e+01
  1.315000000e+00   8.381023721e-01   7.809368167e+02   6.492978223e+00   2.329479198e+03   3.611797822e+01
  1.325000000e+00   8.332792265e-01   7.746522330e+02   6.701311556e+00   2.324107599e+03   3.607631156e+01
  1.335000000e+00   8.284783116e-01   7.684110494e+02   6.909644890e+00   2.318742201e+03   3.603464489e+01
  1.345000000e+00   8.236995506e-01   7.622130158e+02   7.117978223e+00   2.313383002e+03   3.599297822e+01
  1.355000000e+00   8.189428666e-01   7.560578833e+02   7.326311556e+00   2.308030005e+03   3.595131156e+01
  1.365000000e+00   8.142081831e-01   7.499454042e+02   7.534644890e+00   2.302683207e+03   3.590964489e+01
  1.375000000e+00   8.094954236e-01   7.438753318e+02   7.742978223e+00   2.297342610e+03   3.586797822e+01
  1.385000000e+00   8.048045120e-01   7.378474208e+02   7.951311556e+00   2.292008214e+03   3.582631156e+01
  1.395000000e+00   8.001353721e-01   7.318614267e+02   8.159644890e+00   2.286680018e+03   3.578464489e+01
  1.405000000e+00   7.954879282e-01   7.259171065e+02   8.367978223e+00   2.281358022e+03   3.574297822e+01
  1.415000000e+00   7.908621044e-01   7.200142180e+02   8.576311556e+00   2.276042227e+03   3.570131156e+01
  1.425000000e+00   7.862578254e-01   7.141525204e+02   8.784644890e+00   2.270732632e+03   3.565964489e+01
  1.435000000e+00   7.816750157e-01   7.083317738e+02   8.992978223e+00   2.265429237e+03   3.561797822e+01
  1.445000000e+00   7.771136002e-01   7.025517395e+02   9.201311556e+00   2.260132043e+03   3.557631156e+01
  1.455000000e+00   7.725735038e-01   6.968121799e+02   9.409644890e+00   2.254841049e+03   3.553464489e+01
  1.465000000e+00   7.680546519e-01   6.911128587e+02   9.617978223e+00   2.249556256e+03   3.549297822e+01
  1.475000000e+00   7.635569696e-01   6.854535404e+02   9.826311556e+00   2.244277663e+03   3.545131156e+01
  1.485000000e+00   7.590803826e-01   6.798339908e+02   1.003464489e+01   2.239005270e+03   3.540964489e+01
  1.495000000e+00   7.546248165e-01   6.742539767e+02   1.024297822e+01   2.233739078e+03   3.536797822e+01
  1.505000000e+00   7.501901973e-01   6.687132661e+02   1.045131156e+01   2.228479086e+03   3.532631156e+01
  1.515000000e+00   7.457764510e-01   6.632116280e+02   1.065964489e+01   2.223225295e+03   3.528464489e+01
  1.525000000e+00   7.413835037e-01   6.577488325e+02   1.086797822e+01   2.217977704e+03   3.524297822e+01
  1.535000000e+00   7.370112821e-01   6.523246508e+02   1.107631156e+01   2.212736313e+03   3.520131156e+01
  1.545000000e+00   7.326597125e-01   6.469388552e+02   1.128464489e+01   2.207501123e+03   3.515964489e+01
  1.555000000e+00   7.283287217e-01   6.415912190e+02   1.149297822e+01   2.202272133e+03   3.511797822e+01
  1.565000000e+00   7.240182368e-01   6.362815167e+02   1.170131156e+01   2.197049344e+03   3.507631156e+01
  1.575000000e+00   7.197281847e-01   6.310095238e+02   1.190964489e+01   2.191832755e+03   3.503464489e+01
  1.585000000e+00   7.154584928e-01   6.257750169e+02   1.211797822e+01   2.186622366e+03   3.499297822e+01
  1.595000000e+00   7.112090884e-01   6.205777734e+02   1.232631156e+01   2.181418178e+03   3.495131156e+01
  1.605000000e+00   7.069798993e-01   6.154175723e+02   1.253464489e+01   2.176220190e+03   3.490964489e+01
  1.615000000e+00   7.027708531e-01   6.102941930e+02   1.274297822e+01   2.171028402e+03   3.486797822e+01
  1.625000000e+00   6.985818779e-01   6.052074165e+02   1.295131156e+01   2.165842815e+03   3.482631156e+01
  1.635000000e+00   6.944129018e-01   6.001570246e+02   1.315964489e+01   2.160663429e+03   3.478464489e+01
  1.645000000e+00   6.902638531e-01   5.951428001e+02   1.336797822e+01   2.155490243e+03   3.474297822e+01
  1.655000000e+00   6.861346603e-01   5.901645269e+02   1.357631156e+01   2.150323257e+03   3.470131156e+01
  1.665000000e+00   6.820252519e-01   5.852219900e+02   1.378464489e+01   2.145162471e+03   3.465964489e+01
  1.675000000e+00   6.779355570e-01   5.803149753e+02   1.399297822e+01   2.140007886e+03   3.461797822e+01
  1.685000000e+00   6.738655043e-01   5.754432698e+02   1.420131156e+01   2.134859502e+03   3.457631156e+01
  1.695000000e+00   6.698150231e-01   5.706066616e+02   1.440964489e+01   2.129717317e+03   3.453464489e+01
  1.705000000e+00   6.657840427e-01   5.658049397e+02   1.461797822e+01   2.124581333e+03   3.449297822e+01
  1.715000000e+00   6.617724926e-01   5.610378941e+02   1.482631156e+01   2.119451550e+03   3.445131156e+01
  1.725000000e+00   6.577803026e-01   5.563053159e+02   1.503464489e+01   2.114327967e+03   3.440964489e+01
  1.735000000e+00   6.538074023e-01   5.516069972e+02   1.524297822e+01   2.109210584e+03   3.436797822e+01
  1.745000000e+00   6.498537219e-01   5.469427310e+02   1.545131156e+01   2.104099402e+03   3.432631156e+01
  1.755000000e+00   6.459191915e-01   5.423123115e+02   1.565964489e+01   2.098994420e+03   3.428464489e+01
  1.765000000e+00   6.420037415e-01   5.377155337e+02   1.586797822e+01   2.093895639e+03   3.424297822e+01
  1.775000000e+00   6.381073023e-01   5.331521936e+02   1.607631156e+01   2.088803057e+03   3.420131156e+01
  1.785000000e+00   6.342298047e-01   5.286220884e+02   1.628464489e+01   2.083716677e+03   3.415964489e+01
  1.795000000e+00   6.303711796e-01   5.241250161e+02   1.649297822e+01   2.078636496e+03   3.411797822e+01
  1.805000000e+00   6.265313579e-01   5.196607757e+02   1.670131156e+01   2.073562517e+03   3.407631156e+01
  1.815000000e+00   6.227102709e-01   5.152291672e+02   1.690964489e+01   2.068494737e+03   3.403464489e+01
  1.825000000e+00   6.189078498e-01   5.108299916e+02   1.711797822e+01   2.063433158e+03   3.399297822e+01
  1.835000000e+00   6.151240263e-01   5.064630509e+02   1.732631156e+01   2.058377779e+03   3.395131156e+01
  1.845000000e+00   6.113587320e-01   5.021281480e+02   1.753464489e+01   2.053328601e+03   3.390964489e+01
  1.855000000e+00   6.076118989e-01   4.978250867e+02   1.774297822e+01   2.048285623e+03   3.386797822e+01
  1.865000000e+00   6.038834588e-01   4.935536720e+02   1.795131156e+01   2.043248846e+03   3.382631156e+01
  1.875000000e+00   6.001733441e-01   4.893137097e+02   1.815964489e+01   2.038218268e+03   3.378464489e+01
  1.885000000e+00   5.964814870e-01   4.851050064e+02   1.836797822e+01   2.033193892e+03   3.374297822e+01
  1.895000000e+00   5.928078202e-01   4.809273700e+02   1.857631156e+01   2.028175715e+03   3.370131156e+01
  1.905000000e+00   5.891522763e-01   4.767806090e+02   1.878464489e+01   2.023163739e+03   3.365964489e+01
  1.915000000e+00   5.855147882e-01   4.726645331e+02   1.899297822e+01   2.018157964e+03   3.361797822e+01
  1.925000000e+00   5.818952889e-01   4.685789529e+02   1.920131156e+01   2.013158389e+03   3.357631156e+01
  1.935000000e+00   5.782937116e-01   4.645236798e+02   1.940964489e+01   2.008165014e+03   3.353464489e+01
  1.945000000e+00   5.750622985e-01   4.608937875e+02   1.959745139e+01   2.003668945e+03   3.349708359e+01
  1.955000000e+00   5.750622985e-01   4.608937875e+02   1.959745139e+01   2.003668945e+03   3.349708359e+01
  1.965000000e+00   5.750622985e-01   4.608937875e+02   1.959745139e+01   2.003668945e+03   3.349708359e+01
  1.975000000e+00   5.750622985e-01   4.608937875e+02   1.959745139e+01   2.003668945e+03   3.349708359e+01
  1.985000000e+00   5.750622985e-01   4.608937875e+02   1.959745139e+01   2.003668945e+03   3.349708359e+01
  1.995000000e+00   5.750622985e-01   4.608937875e+02   1.959745139e+01   2.003668945e+03   3.349708359e+01
  2.005000000e+00   5.750622985e-01   4.608937875e+02   1.959745139e+01   2.003668945e+03   3.349708359e+01
  2.015000000e+00   5.750622985e-01   4.608937875e+02   1.959745139e+01   2.003668945e+03   3.349708359e+01
  2.025000000e+00   5.750622985e-01   4.608937875e+02   1.959745139e+01   2.003668945e+03   3.349708359e+01
  2.035000000e+00   5.750622985e-01   4.608937875e+02   1.959745139e+01   2.003668945e+03   3.349708359e+01
  2.045000000e+00   5.750622985e-01   4.608937875e+02   1.959745139e+01   2.003668945e+03   3.349708359e+01
  2.055000000e+00   5.750622985e-01   4.608937875e+02   1.959745139e+01   2.003668945e+03   3.349708359e+01
  2.065000000e+00   5.750622985e-01   4.608937875e+02   1.959745139e+01   2.003668945e+03   3.349708359e+01
  2.075000000e+00   5.750622985e-01   4.608937875e+02   1.959745139e+01   2.003668945e+03   3.349708359e+01
  2.085000000e+00   5.750622985e-01   4.608937875e+02   1.959745139e+01   2.003668945e+03   3.349708359e+01
  2.095000000e+00   5.750622985e-01   4.608937875e+02   1.959745139e+01   2.003668945e+03   3.349708359e+01
  2.105000000e+00   5.750622985e-01   4.608937875e+02   1.959745139e+01   2.003668945e+03   3.349708359e+01
  2.115000000e+00   5.750622985e-01   4.608937875e+02   1.959745139e+01   2.003668945e+03   3.349708359e+01
  2.125000000e+00   5.750622985e-01   4.608937875e+02   1.959745139e+01   2.003668945e+03   3.349708359e+01
  2.135000000e+00   5.750622985e-01   4.608937875e+02   1.959745139e+01   2.003668945e+03   3.349708359e+01
  2.145000000e+00   5.750622985e-01   4.608937875e+02   1.959745139e+01   2.003668945e+03   3.349708359e+01
  2.155000000e+00   5.750622985e-01   4.608937875e+02   1.959745139e+01   2.003668945e+03   3.349708359e+01
  2.165000000e+00   5.750622985e-01   4.608937875e+02   1.959745139e+01   2.003668945e+03   3.349708359e+01
  2.175000000e+00   5.750622985e-01   4.608937875e+02   1.959745139e+01   2.003668945e+03   3.349708359e+01
  2.185000000e+00   5.750622985e-01   4.608937875e+02   1.959745139e+01   2.003668945e+03   3.349708359e+01
  2.195000000e+00   5.750622985e-01   4.608937875e+02   1.959745139e+01   2.003668945e+03   3.349708359e+01
  2.205000000e+00   5.750622985e-01   4.608937875e+02   1.959745139e+01   2.003668945e+03   3.349708359e+01
  2.215000000e+00   5.750622985e-01   4.608937875e+02   1.959745139e+01   2.003668945e+03   3.349708359e+01
  2.225000000e+00   5.750622985e-01   4.608937875e+02   1.959745139e+01   2.003668945e+03   3.349708359e+01
  2.235000000e+00   5.750622985e-01   4.608937875e+02   1.959745139e+01   2.003668945e+03   3.349708359e+01
  2.245000000e+00   5.750622985e-01   4.608937875e+02   1.959745139e+01   2.003668945e+03   3.349708359e+01
  2.255000000e+00   5.750622985e-01   4.608937875e+02   1.959745139e+01   2.003668945e+03   3.349708359e+01
  2.265000000e+00   5.750622985e-01   4.608937875e+02   1.959745139e+01   2.003668945e+03   3.349708359e+01
  2.275000000e+00   5.750622985e-01   4.608937875e+02   1.959745139e+01   2.003668945e+03   3.349708359e+01
  2.285000000e+00   5.750622985e-01   4.608937875e+02   1.959745139e+01   2.003668945e+03   3.349708359e+01
  2.295000000e+00   5.750622985e-01   4.608937875e+02   1.959745139e+01   2.003668945e+03   3.349708359e+01
  2.305000000e+00   5.750622985e-01   4.608937875e+02   1.959745139e+01   2.003668945e+03   3.349708359e+01
  2.315000000e+00   5.750622985e-01   4.608937875e+02   1.959745139e+01   2.003668945e+03   3.349708359e+01
  2.325000000e+00   5.750622985e-01   4.608937875e+02   1.959745139e+01   2.003668945e+03   3.349708359e+01
  2.335000000e+00   5.750622985e-01   4.608937875e+02   1.959745139e+01   2.003668945e+03   3.349708359e+01
  2.345000000e+00   5.750622985e-01   4.608937875e+02   1.959745139e+01   2.003668945e+03   3.349708359e+01
  2.355000000e+00   5.750622985e-01   4.608937875e+02   1.959745139e+01   2.003668945e+03   3.349708359e+01
  2.365000000e+00   5.750622985e-01   4.608937875e+02   1.959745139e+01   2.003668945e+03   3.349708359e+01
  2.375000000e+00   5.750622985e-01   4.608937875e+02   1.959745139e+01   2.003668945e+03   3.349708359e+01
  2.385000000e+00   5.750622985e-01   4.608937875e+02   1.959745139e+01   2.003668945e+03   3.349708359e+01
  2.395000000e+00   5.750622985e-01   4.608937875e+02   1.959745139e+01   2.003668945e+03   3.349708359e+01
  2.405000000e+00   5.750622985e-01   4.608937875e+02   1.959745139e+01   2.003668945e+03   3.349708359e+01
  2.415000000e+00   5.750622985e-01   4.608937875e+02   1.959745139e+01   2.003668945e+03   3.349708359e+01
  2.425000000e+00   5.750622985e-01   4.608937875e+02   1.959745139e+01   2.003668945e+03   3.349708359e+01
  2.435000000e+00   5.750622985e-01   4.608937875e+02   1.959745139e+01   2.003668945e+03   3.349708359e+01
  2.445000000e+00   5.750622985e-01   4.608937875e+02   1.959745139e+01   2.003668945e+03   3.349708359e+01
  2.455000000e+00   5.750622985e-01   4.608937875e+02   1.959745139e+01   2.003668945e+03   3.349708359e+01
  2.465000000e+00   5.750622985e-01   4.608937875e+02   1.959745139e+01   2.003668945e+03   3.349708359e+01
  2.475000000e+00   5.750622985e-01   4.608937875e+02   1.959745139e+01   2.003668945e+03   3.349708359e+01
  2.485000000e+00   5.750622985e-01   4.608937875e+02   1.959745139e+01   2.003668945e+03   3.349708359e+01
  2.495000000e+00   5.750622985e-01   4.608937875e+02   1.959745139e+01   2.003668945e+03   3.349708359e+01
  2.505000000e+00   5.750622985e-01   4.608937875e+02   1.959745139e+01   2.003668945e+03   3.349708359e+01
  2.515000000e+00   5.750622985e-01   4.608937875e+02   1.959745139e+01   2.003668945e+03   3.349708359e+01
  2.525000000e+00   5.750622985e-01   4.608937875e+02   1.959745139e+01   2.003668945e+03   3.349708359e+01
  2.535000000e+00   5.750622985e-01   4.608937875e+02   1.959745139e+01   2.003668945e+03   3.349708359e+01
  2.545000000e+00   5.750622985e-01   4.608937875e+02   1.959745139e+01   2.003668945e+03   3.349708359e+01
  2.555000000e+00   5.750622985e-01   4.608937875e+02   1.959745139e+01   2.003668945e+03   3.349708359e+01
  2.565000000e+00   5.750622985e-01   4.608937875e+02   1.959745139e+01   2.003668945e+03   3.349708359e+01
  2.575000000e+00   5.750622985e-01   4.608937875e+02   1.959745139e+01   2.003668945e+03   3.349708359e+01
  2.585000000e+00   5.750622985e-01   4.608937875e+02   1.959745139e+01   2.003668945e+03   3.349708359e+01
  2.595000000e+00   5.750622985e-01   4.608937875e+02   1.959745139e+01   2.003668945e+03   3.349708359e+01
  2.605000000e+00   5.750622985e-01   4.608937875e+02   1.959745139e+01   2.003668945e+03   3.349708359e+01
  2.615000000e+00   5.750622985e-01   4.608937875e+02   1.959745139e+01   2.003668945e+03   3.349708359e+01
  2.625000000e+00   5.750622985e-01   4.608937875e+02   1.959745139e+01   2.003668945e+03   3.349708359e+01
  2.635000000e+00   5.750622985e-01   4.608937875e+02   1.959745139e+01   2.003668945e+03   3.349708359e+01
  2.645000000e+00   5.750622985e-01   4.608937875e+02   1.959745139e+01   2.003668945e+03   3.349708359e+01
  2.655000000e+00   5.750622985e-01   4.608937875e+02   1.959745139e+01   2.003668945e+03   3.349708359e+01
  2.665000000e+00   5.750622985e-01   4.608937875e+02   1.959745139e+01   2.003668945e+03   3.349708359e+01
  2.675000000e+00   5.750622985e-01   4.608937875e+02   1.959745139e+01   2.003668945e+03   3.349708359e+01
  2.685000000e+00   5.750622985e-01   4.608937875e+02   1.959745139e+01   2.003668945e+03   3.349708359e+01
  2.695000000e+00   5.750622985e-01   4.608937875e+02   1.959745139e+01   2.003668945e+03   3.349708359e+01
  2.705000000e+00   5.750622985e-01   4.608937875e+02   1.959745139e+01   2.003668945e+03   3.349708359e+01
  2.715000000e+00   5.750622985e-01   4.608937875e+02   1.959745139e+01   2.003668945e+03   3.349708359e+01
  2.725000000e+00   5.750622985e-01   4.608937875e+02   1.959745139e+01   2.003668945e+03   3.349708359e+01
  2.735000000e+00   5.750622985e-01   4.608937875e+02   1.959745139e+01   2.003668945e+03   3.349708359e+01
  2.745000000e+00   5.750622985e-01   4.608937875e+02   1.959745139e+01   2.003668945e+03   3.349708359e+01
  2.755000000e+00   5.750622985e-01   4.608937875e+02   1.959745139e+01   2.003668945e+03   3.349708359e+01
  2.765000000e+00   5.750622985e-01   4.608937875e+02   1.959745139e+01   2.003668945e+03   3.349708359e+01
  2.775000000e+00   5.750622985e-01   4.608937875e+02   1.959745139e+01   2.003668945e+03   3.349708359e+01
  2.785000000e+00   5.750622985e-01   4.608937875e+02   1.959745139e+01   2.003668945e+03   3.349708359e+01
  2.795000000e+00   5.750622985e-01   4.608937875e+02   1.959745139e+01   2.003668945e+03   3.349708359e+01
  2.805000000e+00   5.750622985e-01   4.608937875e+02   1.959745139e+01   2.003668945e+03   3.349708359e+01
  2.815000000e+00   5.750622985e-01   4.608937875e+02   1.959745139e+01   2.003668945e+03   3.349708359e+01
  2.825000000e+00   5.750622985e-01   4.608937875e+02   1.959745139e+01   2.003668945e+03   3.349708359e+01
  2.835000000e+00   5.750622985e-01   4.608937875e+02   1.959745139e+01   2.003668945e+03   3.349708359e+01
  2.845000000e+00   5.750622985e-01   4.608937875e+02   1.959745139e+01   2.003668945e+03   3.349708359e+01
  2.855000000e+00   5.750622985e-01   4.608937875e+02   1.959745139e+01   2.003668945e+03   3.349708359e+01
  2.865000000e+00   5.750622985e-01   4.608937875e+02   1.959745139e+01   2.003668945e+03   3.349708359e+01
  2.875000000e+00   5.750622985e-01   4.608937875e+02   1.959745139e+01   2.003668945e+03   3.349708359e+01
  2.885000000e+00   5.750622985e-01   4.608937875e+02   1.959745139e+01   2.003668945e+03   3.349708359e+01
  2.895000000e+00   5.750622985e-01   4.608937875e+02   1.959745139e+01   2.003668945e+03   3.349708359e+01
  2.905000000e+00   5.750622985e-01   4.608937875e+02   1.959745139e+01   2.003668945e+03   3.349708359e+01
  2.915000000e+00   5.750622985e-01   4.608937875e+02   1.959745139e+01   2.003668945e+03   3.349708359e+01
  2.925000000e+00   5.750622985e-01   4.608937875e+02   1.959745139e+01   2.003668945e+03   3.349708359e+01
  2.935000000e+00   5.750622985e-01   4.608937875e+02   1.959745139e+01   2.003668945e+03   3.349708359e+01
  2.945000000e+00   5.750622985e-01   4.608937875e+02   1.959745139e+01   2.003668945e+03   3.349708359e+01
  2.955000000e+00   5.750622985e-01   4.608937875e+02   1.959745139e+01   2.003668945e+03   3.349708359e+01
  2.965000000e+00   5.750622985e-01   4.608937875e+02   1.959745139e+01   2.003668945e+03   3.349708359e+01
  2.975000000e+00   5.750622985e-01   4.608937875e+02   1.959745139e+01   2.003668945e+03   3.349708359e+01
  2.985000000e+00   5.750622985e-01   4.608937875e+02   1.959745139e+01   2.003668945e+03   3.349708359e+01
  2.995000000e+00   5.750622985e-01   4.608937875e+02   1.959745139e+01   2.003668945e+03   3.349708359e+01
  3.005000000e+00   5.750622985e-01   4.608937875e+02   1.959745139e+01   2.003668945e+03   3.349708359e+01
  3.015000000e+00   5.750622985e-01   4.608937875e+02   1.959745139e+01   2.003668945e+03   3.349708359e+01
  3.025000000e+00   5.750622985e-01   4.608937875e+02   1.959745139e+01   2.003668945e+03   3.349708359e+01
  3.035000000e+00   5.750622985e-01   4.608937875e+02   1.959745139e+01   2.003668945e+03   3.349708359e+01
  3.045000000e+00   5.750622985e-01   4.608937875e+02   1.959745139e+01   2.003668945e+03   3.349708359e+01
  3.055000000e+00   5.750622985e-01   4.608937875e+02   1.959745139e+01   2.003668945e+03   3.349708359e+01
  3.065000000e+00   5.750622985e-01   4.608937875e+02   1.959745139e+01   2.003668945e+03   3.349708359e+01
  3.075000000e+00   5.750622985e-01   4.608937875e+02   1.959745139e+01   2.003668945e+03   3.349708359e+01
  3.085000000e+00   5.750622985e-01   4.608937875e+02   1.959745139e+01   2.003668945e+03   3.349708359e+01
  3.095000000e+00   5.750622985e-01   4.608937875e+02   1.959745139e+01   2.003668945e+03   3.349708359e+01
  3.105000000e+00   5.750622985e-01   4.608937875e+02   1.959745139e+01   2.003668945e+03   3.349708359e+01
  3.115000000e+00   5.750622985e-01   4.608937875e+02   1.959745139e+01   2.003668945e+03   3.349708359e+01
  3.125000000e+00   5.750622985e-01   4.608937875e+02   1.959745139e+01   2.003668945e+03   3.349708359e+01
  3.135000000e+00   5.750622985e-01   4.608937875e+02   1.959745139e+01   2.003668945e+03   3.349708359e+01
  3.145000000e+00   5.750622985e-01   4.608937875e+02   1.959745139e+01   2.003668945e+03   3.349708359e+01
  3.155000000e+00   5.750622985e-01   4.608937875e+02   1.959745139e+01   2.003668945e+03   3.349708359e+01
  3.165000000e+00   5.750622985e-01   4.608937875e+02   1.959745139e+01   2.003668945e+03   3.349708359e+01
  3.175000000e+00   5.750622985e-01   4.608937875e+02   1.959745139e+01   2.003668945e+03   3.349708359e+01
  3.185000000e+00   5.750622985e-01   4.608937875e+02   1.959745139e+01   2.003668945e+03   3.349708359e+01
  3.195000000e+00   5.750622985e-01   4.608937875e+02   1.959745139e+01   2.003668945e+03   3.349708359e+01
  3.205000000e+00   5.750622985e-01   4.608937875e+02   1.959745139e+01   2.003668945e+03   3.349708359e+01
  3.215000000e+00   5.750622985e-01   4.608937875e+02   1.959745139e+01   2.003668945e+03   3.349708359e+01
  3.225000000e+00   5.750622985e-01   4.608937875e+02   1.959745139e+01   2.003668945e+03   3.349708359e+01
  3.235000000e+00   5.750622985e-01   4.608937875e+02   1.959745139e+01   2.003668945e+03   3.349708359e+01
  3.245000000e+00   5.750622985e-01   4.608937875e+02   1.959745139e+01   2.003668945e+03   3.349708359e+01
  3.255000000e+00   5.750622985e-01   4.608937875e+02   1.959745139e+01   2.003668945e+03   3.349708359e+01
  3.265000000e+00   5.750622985e-01   4.608937875e+02   1.959745139e+01   2.003668945e+03   3.349708359e+01
  3.275000000e+00   5.750622985e-01   4.608937875e+02   1.959745139e+01   2.003668945e+03   3.349708359e+01
  3.285000000e+00   5.999240705e+00   4.608937875e+02   1.959745139e+01   1.920633836e+02   1.037089653e+01
  3.295000000e+00   5.999240705e+00   4.608937875e+02   1.959745139e+01   1.920633836e+02   1.037089653e+01
  3.305000000e+00   5.999240705e+00   4.608937875e+02   1.959745139e+01   1.920633836e+02   1.037089653e+01
  3.315000000e+00   5.999240705e+00   4.608937875e+02   1.959745139e+01   1.920633836e+02   1.037089653e+01
  3.325000000e+00   5.999240705e+00   4.608937875e+02   1.959745139e+01   1.920633836e+02   1.037089653e+01
  3.335000000e+00   5.999240705e+00   4.608937875e+02   1.959745139e+01   1.920633836e+02   1.037089653e+01
  3.345000000e+00   5.999240705e+00   4.608937875e+02   1.959745139e+01   1.920633836e+02   1.037089653e+01
  3.355000000e+00   5.999240705e+00   4.608937875e+02   1.959745139e+01   1.920633836e+02   1.037089653e+01
  3.365000000e+00   5.999240705e+00   4.608937875e+02   1.959745139e+01   1.920633836e+02   1.037089653e+01
  3.375000000e+00   5.999240705e+00   4.608937875e+02   1.959745139e+01   1.920633836e+02   1.037089653e+01
  3.385000000e+00   5.999240705e+00   4.608937875e+02   1.959745139e+01   1.920633836e+02   1.037089653e+01
  3.395000000e+00   5.999240705e+00   4.608937875e+02   1.959745139e+01   1.920633836e+02   1.037089653e+01
  3.405000000e+00   5.999240705e+00   4.608937875e+02   1.959745139e+01   1.920633836e+02   1.037089653e+01
  3.415000000e+00   5.999240705e+00   4.608937875e+02   1.959745139e+01   1.920633836e+02   1.037089653e+01
  3.425000000e+00   5.999240705e+00   4.608937875e+02   1.959745139e+01   1.920633836e+02   1.037089653e+01
  3.435000000e+00   5.999240705e+00   4.608937875e+02   1.959745139e+01   1.920633836e+02   1.037089653e+01
  3.445000000e+00   1.000000000e+00   1.000000000e-02   0.000000000e+00   2.500000000e-02   1.183215957e-01
  3.455000000e+00   1.000000000e+00   1.000000000e-02   0.000000000e+00   2.500000000e-02   1.183215957e-01
  3.465000000e+00   1.000000000e+00   1.000000000e-02   0.000000000e+00   2.500000000e-02   1.183215957e-01
  3.475000000e+00   1.000000000e+00   1.000000000e-02   0.000000000e+00   2.500000000e-02   1.183215957e-01
  3.485000000e+00   1.000000000e+00   1.000000000e-02   0.000000000e+00   2.500000000e-02   1.183215957e-01
  3.495000000e+00   1.000000000e+00   1.000000000e-02   0.000000000e+00   2.500000000e-02   1.183215957e-01
  3.505000000e+00   1.000000000e+00   1.000000000e-02   0.000000000e+00   2.500000000e-02   1.183215957e-01
  3.515000000e+00   1.000000000e+00   1.000000000e-02   0.000000000e+00   2.500000000e-02   1.183215957e-01
  3.525000000e+00   1.000000000e+00   1.000000000e-02   0.000000000e+00   2.500000000e-02   1.183215957e-01
  3.535000000e+00   1.000000000e+00   1.000000000e-02   0.000000000e+00   2.500000000e-02   1.183215957e-01
  3.545000000e+00   1.000000000e+00   1.000000000e-02   0.000000000e+00   2.500000000e-02   1.183215957e-01
  3.555000000e+00   1.000000000e+00   1.000000000e-02   0.000000000e+00   2.500000000e-02   1.183215957e-01
  3.565000000e+00   1.000000000e+00   1.000000000e-02   0.000000000e+00   2.500000000e-02   1.183215957e-01
  3.575000000e+00   1.000000000e+00   1.000000000e-02   0.000000000e+00   2.500000000e-02   1.183215957e-01
  3.585000000e+00   1.000000000e+00   1.000000000e-02   0.000000000e+00   2.500000000e-02   1.183215957e-01
  3.595000000e+00   1.000000000e+00   1.000000000e-02   0.000000000e+00   2.500000000e-02   1.183215957e-01
  3.605000000e+00   1.000000000e+00   1.000000000e-02   0.000000000e+00   2.500000000e-02   1.183215957e-01
  3.615000000e+00   1.000000000e+00   1.000000000e-02   0.000000000e+00   2.500000000e-02   1.183215957e-01
  3.625000000e+00   1.000000000e+00   1.000000000e-02   0.000000000e+00   2.500000000e-02   1.183215957e-01
  3.635000000e+00   1.000000000e+00   1.000000000e-02   0.000000000e+00   2.500000000e-02   1.183215957e-01
  3.645000000e+00   1.000000000e+00   1.000000000e-02   0.000000000e+00   2.500000000e-02   1.183215957e-01
  3.655000000e+00   1.000000000e+00   1.000000000e-02   0.000000000e+00   2.500000000e-02   1.183215957e-01
  3.665000000e+00   1.000000000e+00   1.000000000e-02   0.000000000e+00   2.500000000e-02   1.183215957e-01
  3.675000000e+00   1.000000000e+00   1.000000000e-02   0.000000000e+00   2.500000000e-02   1.183215957e-01
  3.685000000e+00   1.000000000e+00   1.000000000e-02   0.000000000e+00   2.500000000e-02   1.183215957e-01
  3.695000000e+00   1.000000000e+00   1.000000000e-02   0.000000000e+00   2.500000000e-02   1.183215957e-01
  3.705000000e+00   1.000000000e+00   1.000000000e-02   0.000000000e+00   2.500000000e-02   1.183215957e-01
  3.715000000e+00   1.000000000e+00   1.000000000e-02   0.000000000e+00   2.500000000e-02   1.183215957e-01
  3.725000000e+00   1.000000000e+00   1.000000000e-02   0.000000000e+00   2.500000000e-02   1.183215957e-01
  3.735000000e+00   1.000000000e+00   1.000000000e-02   0.000000000e+00   2.500000000e-02   1.183215957e-01
  3.745000000e+00   1.000000000e+00   1.000000000e-02   0.000000000e+00   2.500000000e-02   1.183215957e-01
  3.755000000e+00   1.000000000e+00   1.000000000e-02   0.000000000e+00   2.500000000e-02   1.183215957e-01
  3.765000000e+00   1.000000000e+00   1.000000000e-02   0.000000000e+00   2.500000000e-02   1.183215957e-01
  3.775000000e+00   1.000000000e+00   1.000000000e-02   0.000000000e+00   2.500000000e-02   1.183215957e-01
  3.785000000e+00   1.000000000e+00   1.000000000e-02   0.000000000e+00   2.500000000e-02   1.183215957e-01
  3.795000000e+00   1.000000000e+00   1.000000000e-02   0.000000000e+00   2.500000000e-02   1.183215957e-01
  3.805000000e+00   1.000000000e+00   1.000000000e-02   0.000000000e+00   2.500000000e-02   1.183215957e-01
  3.815000000e+00   1.000000000e+00   1.000000000e-02   0.000000000e+00   2.500000000e-02   1.183215957e-01
  3.825000000e+00   1.000000000e+00   1.000000000e-02   0.000000000e+00   2.500000000e-02   1.183215957e-01
  3.835000000e+00   1.000000000e+00   1.000000000e-02   0.000000000e+00   2.500000000e-02   1.183215957e-01
  3.845000000e+00   1.000000000e+00   1.000000000e-02   0.000000000e+00   2.500000000e-02   1.183215957e-01
  3.855000000e+00   1.000000000e+00   1.000000000e-02   0.000000000e+00   2.500000000e-02   1.183215957e-01
  3.865000000e+00   1.000000000e+00   1.000000000e-02   0.000000000e+00   2.500000000e-02   1.183215957e-01
  3.875000000e+00   1.000000000e+00   1.000000000e-02   0.000000000e+00   2.500000000e-02   1.183215957e-01
  3.885000000e+00   1.000000000e+00   1.000000000e-02   0.000000000e+00   2.500000000e-02   1.183215957e-01
  3.895000000e+00   1.000000000e+00   1.000000000e-02   0.000000000e+00   2.500000000e-02   1.183215957e-01
  3.905000000e+00   1.000000000e+00   1.000000000e-02   0.000000000e+00   2.500000000e-02   1.183215957e-01
  3.915000000e+00   1.000000000e+00   1.000000000e-02   0.000000000e+00   2.500000000e-02   1.183215957e-01
  3.925000000e+00   1.000000000e+00   1.000000000e-02   0.000000000e+00   2.500000000e-02   1.183215957e-01
  3.935000000e+00   1.000000000e+00   1.000000000e-02   0.000000000e+00   2.500000000e-02   1.183215957e-01
  3.945000000e+00   1.000000000e+00   1.000000000e-02   0.000000000e+00   2.500000000e-02   1.183215957e-01
  3.955000000e+00   1.000000000e+00   1.000000000e-02   0.000000000e+00   2.500000000e-02   1.183215957e-01
  3.965000000e+00   1.000000000e+00   1.000000000e-02   0.000000000e+00   2.500000000e-02   1.183215957e-01
  3.975000000e+00   1.000000000e+00   1.000000000e-02   0.000000000e+00   2.500000000e-02   1.183215957e-01
  3.985000000e+00   1.000000000e+00   1.000000000e-02   0.000000000e+00   2.500000000e-02   1.183215957e-01
  3.995000000e+00   1.000000000e+00   1.000000000e-02   0.000000000e+00   2.500000000e-02   1.183215957e-01
  4.005000000e+00   1.000000000e+00   1.000000000e-02   0.000000000e+00   2.500000000e-02   1.183215957e-01
  4.015000000e+00   1.000000000e+00   1.000000000e-02   0.000000000e+00   2.500000000e-02   1.183215957e-01
  4.025000000e+00   1.000000000e+00   1.000000000e-02   0.000000000e+00   2.500000000e-02   1.183215957e-01
  4.035000000e+00   1.000000000e+00   1.000000000e-02   0.000000000e+00   2.500000000e-02   1.183215957e-01
  4.045000000e+00   1.000000000e+00   1.000000000e-02   0.000000000e+00   2.500000000e-02   1.183215957e-01
  4.055000000e+00   1.000000000e+00   1.000000000e-02   0.000000000e+00   2.500000000e-02   1.183215957e-01
  4.065000000e+00   1.000000000e+00   1.000000000e-02   0.000000000e+00   2.500000000e-02   1.183215957e-01
  4.075000000e+00   1.000000000e+00   1.000000000e-02   0.000000000e+00   2.500000000e-02   1.183215957e-01
  4.085000000e+00   1.000000000e+00   1.000000000e-02   0.000000000e+00   2.500000000e-02   1.183215957e-01
  4.095000000e+00   1.000000000e+00   1.000000000e-02   0.000000000e+00   2.500000000e-02   1.183215957e-01
  4.105000000e+00   1.000000000e+00   1.000000000e-02   0.000000000e+00   2.500000000e-02   1.183215957e-01
  4.115000000e+00   1.000000000e+00   1.000000000e-02   0.000000000e+00   2.500000000e-02   1.183215957e-01
  4.125000000e+00   1.000000000e+00   1.000000000e-02   0.000000000e+00   2.500000000e-02   1.183215957e-01
  4.135000000e+00   1.000000000e+00   1.000000000e-02   0.000000000e+00   2.500000000e-02   1.183215957e-01
  4.145000000e+00   1.000000000e+00   1.000000000e-02   0.000000000e+00   2.500000000e-02   1.183215957e-01
  4.155000000e+00   1.000000000e+00   1.000000000e-02   0.000000000e+00   2.500000000e-02   1.183215957e-01
  4.165000000e+00   1.000000000e+00   1.000000000e-02   0.000000000e+00   2.500000000e-02   1.183215957e-01
  4.175000000e+00   1.000000000e+00   1.000000000e-02   0.000000000e+00   2.500000000e-02   1.183215957e-01
  4.185000000e+00   1.000000000e+00   1.000000000e-02   0.000000000e+00   2.500000000e-02   1.183215957e-01
  4.195000000e+00   1.000000000e+00   1.000000000e-02   0.000000000e+00   2.500000000e-02   1.183215957e-01
  4.205000000e+00   1.000000000e+00   1.000000000e-02   0.000000000e+00   2.500000000e-02   1.183215957e-01
  4.215000000e+00   1.000000000e+00   1.000000000e-02   0.000000000e+00   2.500000000e-02   1.183215957e-01
  4.225000000e+00   1.000000000e+00   1.000000000e-02   0.000000000e+00   2.500000000e-02   1.183215957e-01
  4.235000000e+00   1.000000000e+00   1.000000000e-02   0.000000000e+00   2.500000000e-02   1.183215957e-01
  4.245000000e+00   1.000000000e+00   1.000000000e-02   0.000000000e+00   2.500000000e-02   1.183215957e-01
  4.255000000e+00   1.000000000e+00   1.000000000e-02   0.000000000e+00   2.500000000e-02   1.183215957e-01
  4.265000000e+00   1.000000000e+00   1.000000000e-02   0.000000000e+00   2.500000000e-02   1.183215957e-01
  4.275000000e+00   1.000000000e+00   1.000000000e-02   0.000000000e+00   2.500000000e-02   1.183215957e-01
  4.285000000e+00   1.000000000e+00   1.000000000e-02   0.000000000e+00   2.500000000e-02   1.183215957e-01
  4.295000000e+00   1.000000000e+00   1.000000000e-02   0.000000000e+00   2.500000000e-02   1.183215957e-01
  4.305000000e+00   1.000000000e+00   1.000000000e-02   0.000000000e+00   2.500000000e-02   1.183215957e-01
  4.315000000e+00   1.000000000e+00   1.000000000e-02   0.000000000e+00   2.500000000e-02   1.183215957e-01
  4.325000000e+00   1.000000000e+00   1.000000000e-02   0.000000000e+00   2.500000000e-02   1.183215957e-01
  4.335000000e+00   1.000000000e+00   1.000000000e-02   0.000000000e+00   2.500000000e-02   1.183215957e-01
  4.345000000e+00   1.000000000e+00   1.000000000e-02   0.000000000e+00   2.500000000e-02   1.183215957e-01
  4.355000000e+00   1.000000000e+00   1.000000000e-02   0.000000000e+00   2.500000000e-02   1.183215957e-01
  4.365000000e+00   1.000000000e+00   1.000000000e-02   0.000000000e+00   2.500000000e-02   1.183215957e-01
  4.375000000e+00   1.000000000e+00   1.000000000e-02   0.000000000e+00   2.500000000e-02   1.183215957e-01
  4.385000000e+00   1.000000000e+00   1.000000000e-02   0.000000000e+00   2.500000000e-02   1.183215957e-01
  4.395000000e+00   1.000000000e+00   1.000000000e-02   0.000000000e+00   2.500000000e-02   1.183215957e-01
  4.405000000e+00   1.000000000e+00   1.000000000e-02   0.000000000e+00   2.500000000e-02   1.183215957e-01
  4.415000000e+00   1.000000000e+00   1.000000000e-02   0.000000000e+00   2.500000000e-02   1.183215957e-01
  4.425000000e+00   1.000000000e+00   1.000000000e-02   0.000000000e+00   2.500000000e-02   1.183215957e-01
  4.435000000e+00   1.000000000e+00   1.000000000e-02   0.000000000e+00   2.500000000e-02   1.183215957e-01
  4.445000000e+00   1.000000000e+00   1.000000000e-02   0.000000000e+00   2.500000000e-02   1.183215957e-01
  4.455000000e+00   1.000000000e+00   1.000000000e-02   0.000000000e+00   2.500000000e-02   1.183215957e-01
  4.465000000e+00   1.000000000e+00   1.000000000e-02   0.000000000e+00   2.500000000e-02   1.183215957e-01
  4.475000000e+00   1.000000000e+00   1.000000000e-02   0.000000000e+00   2.500000000e-02   1.183215957e-01
  4.485000000e+00   1.000000000e+00   1.000000000e-02   0.000000000e+00   2.500000000e-02   1.183215957e-01
  4.495000000e+00   1.000000000e+00   1.000000000e-02   0.000000000e+00   2.500000000e-02   1.183215957e-01
  4.505000000e+00   1.000000000e+00   1.000000000e-02   0.000000000e+00   2.500000000e-02   1.183215957e-01
  4.515000000e+00   1.000000000e+00   1.000000000e-02   0.000000000e+00   2.500000000e-02   1.183215957e-01
  4.525000000e+00   1.000000000e+00   1.000000000e-02   0.000000000e+00   2.500000000e-02   1.183215957e-01
  4.535000000e+00   1.000000000e+00   1.000000000e-02   0.000000000e+00   2.500000000e-02   1.183215957e-01
  4.545000000e+00   1.000000000e+00   1.000000000e-02   0.000000000e+00   2.500000000e-02   1.183215957e-01
  4.555000000e+00   1.000000000e+00   1.000000000e-02   0.000000000e+00   2.500000000e-02   1.183215957e-01
  4.565000000e+00   1.000000000e+00   1.000000000e-02   0.000000000e+00   2.500000000e-02   1.183215957e-01
  4.575000000e+00   1.000000000e+00   1.000000000e-02   0.000000000e+00   2.500000000e-02   1.183215957e-01
  4.585000000e+00   1.000000000e+00   1.000000000e-02   0.000000000e+00   2.500000000e-02   1.183215957e-01
  4.595000000e+00   1.000000000e+00   1.000000000e-02   0.000000000e+00   2.500000000e-02   1.183215957e-01
  4.605000000e+00   1.000000000e+00   1.000000000e-02   0.000000000e+00   2.500000000e-02   1.183215957e-01
  4.615000000e+00   1.000000000e+00   1.000000000e-02   0.000000000e+00   2.500000000e-02   1.183215957e-01
  4.625000000e+00   1.000000000e+00   1.000000000e-02   0.000000000e+00   2.500000000e-02   1.183215957e-01
  4.635000000e+00   1.000000000e+00   1.000000000e-02   0.000000000e+00   2.500000000e-02   1.183215957e-01
  4.645000000e+00   1.000000000e+00   1.000000000e-02   0.000000000e+00   2.500000000e-02   1.183215957e-01
  4.655000000e+00   1.000000000e+00   1.000000000e-02   0.000000000e+00   2.500000000e-02   1.183215957e-01
  4.665000000e+00   1.000000000e+00   1.000000000e-02   0.000000000e+00   2.500000000e-02   1.183215957e-01
  4.675000000e+00   1.000000000e+00   1.000000000e-02   0.000000000e+00   2.500000000e-02   1.183215957e-01
  4.685000000e+00   1.000000000e+00   1.000000000e-02   0.000000000e+00   2.500000000e-02   1.183215957e-01
  4.695000000e+00   1.000000000e+00   1.000000000e-02   0.000000000e+00   2.500000000e-02   1.183215957e-01
  4.705000000e+00   1.000000000e+00   1.000000000e-02   0.000000000e+00   2.500000000e-02   1.183215957e-01
  4.715000000e+00   1.000000000e+00   1.000000000e-02   0.000000000e+00   2.500000000e-02   1.183215957e-01
  4.725000000e+00   1.000000000e+00   1.000000000e-02   0.000000000e+00   2.500000000e-02   1.183215957e-01
  4.735000000e+00   1.000000000e+00   1.000000000e-02   0.000000000e+00   2.500000000e-02   1.183215957e-01
  4.745000000e+00   1.000000000e+00   1.000000000e-02   0.000000000e+00   2.500000000e-02   1.183215957e-01
  4.755000000e+00   1.000000000e+00   1.000000000e-02   0.000000000e+00   2.500000000e-02   1.183215957e-01
  4.765000000e+00   1.000000000e+00   1.000000000e-02   0.000000000e+00   2.500000000e-02   1.183215957e-01
  4.775000000e+00   1.000000000e+00   1.000000000e-02   0.000000000e+00   2.500000000e-02   1.183215957e-01
  4.785000000e+00   1.000000000e+00   1.000000000e-02   0.000000000e+00   2.500000000e-02   1.183215957e-01
  4.795000000e+00   1.000000000e+00   1.000000000e-02   0.000000000e+00   2.500000000e-02   1.183215957e-01
  4.805000000e+00   1.000000000e+00   1.000000000e-02   0.000000000e+00   2.500000000e-02   1.183215957e-01
  4.815000000e+00   1.000000000e+00   1.000000000e-02   0.000000000e+00   2.500000000e-02   1.183215957e-01
  4.825000000e+00   1.000000000e+00   1.000000000e-02   0.000000000e+00   2.500000000e-02   1.183215957e-01
  4.835000000e+00   1.000000000e+00   1.000000000e-02   0.000000000e+00   2.500000000e-02   1.183215957e-01
  4.845000000e+00   1.000000000e+00   1.000000000e-02   0.000000000e+00   2.500000000e-02   1.183215957e-01
  4.855000000e+00   1.000000000e+00   1.000000000e-02   0.000000000e+00   2.500000000e-02   1.183215957e-01
  4.865000000e+00   1.000000000e+00   1.000000000e-02   0.000000000e+00   2.500000000e-02   1.183215957e-01
  4.875000000e+00   1.000000000e+00   1.000000000e-02   0.000000000e+00   2.500000000e-02   1.183215957e-01
  4.885000000e+00   1.000000000e+00   1.000000000e-02   0.000000000e+00   2.500000000e-02   1.183215957e-01
  4.895000000e+00   1.000000000e+00   1.000000000e-02   0.000000000e+00   2.500000000e-02   1.183215957e-01
  4.905000000e+00   1.000000000e+00   1.000000000e-02   0.000000000e+00   2.500000000e-02   1.183215957e-01
  4.915000000e+00   1.000000000e+00   1.000000000e-02   0.000000000e+00   2.500000000e-02   1.183215957e-01
  4.925000000e+00   1.000000000e+00   1.000000000e-02   0.000000000e+00   2.500000000e-02   1.183215957e-01
  4.935000000e+00   1.000000000e+00   1.000000000e-02   0.000000000e+00   2.500000000e-02   1.183215957e-01
  4.945000000e+00   1.000000000e+00   1.000000000e-02   0.000000000e+00   2.500000000e-02   1.183215957e-01
  4.955000000e+00   1.000000000e+00   1.000000000e-02   0.000000000e+00   2.500000000e-02   1.183215957e-01
  4.965000000e+00   1.000000000e+00   1.000000000e-02   0.000000000e+00   2.500000000e-02   1.183215957e-01
  4.975000000e+00   1.000000000e+00   1.000000000e-02   0.000000000e+00   2.500000000e-02   1.183215957e-01
  4.985000000e+00   1.000000000e+00   1.000000000e-02   0.000000000e+00   2.500000000e-02   1.183215957e-01
  4.995000000e+00   1.000000000e+00   1.000000000e-02   0.000000000e+00   2.500000000e-02   1.183215957e-01
